104
1
335
665
584
976
275
4
-17
459
191
-15
2
152
885
440
3624
198
0
0
0
0
105
608
697
2984
725
332
1
1478
258
247
662
-36
66
-34
190
270
209
772
758
390
1
-36
-37
105
294
207
58
-32
22
-36
2
16
2
2
58
58
58
2
436
-37
-14
135
500
-36
-37
1309
1791
498
91
317
384
0
29
-17
-36
209
-38
-18
-18
2
4
-37
461
1021
169
76
1612
1322
48
929
664
-36
886
909
997
1921
358
2509
413
533
125
1835
164
517
58
58
58
58
58
58
1
66
-35
0
-17
43
-37
447
346
-1456434400
1652
3166
463
-1423331984
-33
-36
-26
714
125
6
1181
1190
2507
88
658
27
